Sorted container:
Container contains 2 elements.
0: NumberSwap: 
Decrypted: gqngnmgdjobylsywccjauxqsbrbxzwkczuyflrffjrjjckclodgrcdwcretsqiwqlscvaoyesbxfuuyybkqnlyvrc
Encrypted: 860 782 791 860 791 606 860 37 651 731 852 842 937 243 842 940 200 200 651 235 679 101 782 243 852 505 852 101 542 940 358 200 542 679 842 540 937 505 540 540 651 505 651 651 200 358 200 937 731 37 860 505 200 37 940 200 505 912 917 243 782 201 940 782 937 243 200 470 235 731 842 912 243 852 101 540 679 679 842 842 852 358 782 791 937 842 470 505 200 
Table of intersection of symbols
a 235
b 852
c 200
d 37
e 912
f 540
g 860
h 122
i 201
j 651
k 358
l 937
m 606
n 791
o 731
p 341
q 782
r 505
s 243
t 917
u 679
v 470
w 940
x 101
y 842
z 542
Comparable value: 109.393
1: NumberSwap: 
Decrypted: heqlpzelnfjwouthtzmizzohnrjqbbazijcyinmyxucxprgorhoajzvexsrqlbfdakkmawyyryrnofvicnzitzkndqasgyhfbwzzohxekfkeqzvmsybwpzdqmkiommdpcgnhtingtbslzwlyuorgjnzwjwxbosbbnm
Encrypted: 837 979 76 820 578 923 979 820 162 508 577 591 553 640 325 837 325 923 572 42 923 923 553 837 162 213 577 76 927 927 700 923 42 577 882 330 42 162 572 330 601 640 882 601 578 213 880 553 213 837 553 700 577 923 145 979 601 927 213 76 820 927 508 473 700 999 999 572 700 591 330 330 213 330 213 162 553 508 145 42 882 162 923 42 325 923 999 162 473 76 700 927 880 330 837 508 927 591 923 923 553 837 601 979 999 508 999 979 76 923 145 572 927 330 927 591 578 923 473 76 572 999 42 553 572 572 473 578 882 880 162 837 325 42 162 880 325 927 927 820 923 591 820 330 640 553 213 880 577 162 923 591 577 591 601 927 553 927 927 927 162 572 
Table of intersection of symbols
a 700
b 927
c 882
d 473
e 979
f 508
g 880
h 837
i 42
j 577
k 999
l 820
m 572
n 162
o 553
p 578
q 76
r 213
s 927
t 325
u 640
v 145
w 591
x 601
y 330
z 923
Comparable value: 110.111
